1TEST2 OF MP PACKAGE,   BASE =    16384,  DIGITS = 11




 CONSTANTS IN HART ET AL (ORDER DIFFERENT)

     -5  4.8481368110 9535993589 9141023579 479759564
     -2  1.7453292519 9432957692 3690768488 612713443
     -1  3.9269908169 8724154807 8304229099 378605246
     -1  5.6418958354 7756286948 0794515607 725858441
     -1  6.3661977236 7581343075 5350534900 574481378
     -1  7.8539816339 7448309615 6608458198 757210493
     -1  7.9788456080 2865355879 8921198687 637369517
     -1  9.1893853320 4672741780 3297364056 176398614
      0  1.5707963267 9489661923 1321691639 751442099
      0  1.7724538509 0551602729 8167483341 145182798
      0  2.3561944901 9234492884 6982537459 627163148
      0  3.1415926535 8979323846 2643383279 502884197
      0  6.2831853071 7958647692 5286766559 005768394
     -1  3.6787944117 1442321595 5237701614 608674458
     -1  7.7880078307 1404868245 1702669783 206472968
      0  1.2840254166 8774148407 3420568062 436458336
      0  2.7182818284 5904523536 0287471352 662497757
     -1  5.7721566490 1532860606 5120900824 024310422
      0  1.0905077326 6525765920 7010655760 707978993
      0  1.1892071150 0272106671 7499970560 475915293
      0  1.4142135623 7309504880 1688724209 698078570
      0  3.1622776601 6837933199 8893544432 718533720
      0  1.2599210498 9487316476 7210607278 228350570
      0  1.5874010519 6819947475 1705639272 308260391
      0  2.1544346900 3188372175 9293566519 350495259
      0  4.6415888336 1277889241 0076350919 446576551
      0  1.4426950408 8896340735 9924681001 892137427
      0  3.3219280948 8736234787 0319429489 390175865
     -1  3.4657359027 9972654708 6160607290 882840378
     -1  6.9314718055 9945309417 2321214581 765680755
      0  1.3862943611 1989061883 4464242916 353136151
      0  2.3025850929 9404568401 7991454684 364207601
     -1  3.0102999566 3981195213 7388947244 930267682
     -1  4.3429448190 3251827651 1289189166 050822944
     -1  1.3052619222 0051591548 4062278954 890101937
     -1  1.9509032201 6128267848 2848684770 222409277
     -1  2.5881904510 2520762348 8988376240 483283491
     -1  5.0000000000 0000000000 0000000000 000000000
     -1  7.0710678118 6547524400 8443621048 490392848
     -1  8.6602540378 4438646763 7231707529 361834714
     -1  2.4740395925 4522929596 8487048493 891958934
     -1  4.7942553860 4203000273 2879352155 713880818
     -1  8.4147098480 7896506652 5023216302 989996226
     -1  9.2387953251 1286756128 1831893967 882868224
     -1  9.6592582628 9068286749 7431997288 973676339
     -2  9.8491403357 1642530771 9752129132 743229305
     -1  1.9891236737 9658006911 5976226446 762285979
     -1  2.6794919243 1122706472 5536584941 276330572
     -1  4.1421356237 3095048801 6887242096 980785697
     -1  5.7735026918 9625764509 1487805019 574556476
      0  1.0000000000 0000000000 0000000000 000000000
      0  1.7320508075 6887729352 7446341505 872366943
     -1  2.5534192122 1036266504 4822364904 736782042
     -1  5.4630248984 3790513255 1794657802 853832976
      0  1.5574077246 5490223050 6974807458 360173087
     -1  3.0334668360 7342391675 8839469412 998723842
     -1  5.3451113595 0791641089 6859612953 629085820
     -1  6.6817863791 9298919997 7576865230 807615525
     -1  8.2067879082 8660330972 2819853310 115987674
      0  1.2185035255 8797634479 5477230620 364055963
      0  1.4966057626 6548901760 1135134942 476918692
      0  1.8708684117 8938948108 5201334341 524431687
      0  2.4142135623 7309504880 1688724209 698078570
      0  3.2965582089 3832042687 8154216826 253709768
      0  3.7320508075 6887729352 7446341505 872366943
      0  5.0273394921 2584810451 4975071064 072385737
      1  1.0153170387 6088604621 0714766341 947220377
     -1  8.5163191370 4808012700 4060150609 260682003
     -1  4.7200121576 8234767447 6683878725 009623642
     -1  3.6318783834 6867331795 5937477889 247216476
     -1  5.6682408890 5873937711 2449634671 602835403
    -11  2.3699749040 8242201872 1147551606 796861398
     -8  2.3266147948 6597645054 6482207237 974647586
     -1  4.7693627620 4469873381 4183536431 305598090

 TEST OF MPASIN AND MPATAN

     -2  1.0000166674 1671131256 2227707199 038367857
     -1 -5.2359877559 8298873077 1072305465 838140329
      0  1.4292568534 7046940048 5532334664 724427105
     -3  9.9996666866 6523820634 0116209279 548561369
     -1 -6.4350110879 3284386802 8092287173 226380415
      0  1.4711276743 0373459185 2875571761 730851855

 TEST OF MPBESJ

     -1  9.9997500015 6249565972 9003899468 320681723
     -1  9.9750156206 6040032281 2868984747 920848320
     -1  7.6519768655 7966551449 7175261026 632209093
     -1 -2.4593576445 1348335197 7608624853 287538296
     -2  1.9985850304 2231224242 2839095084 899068063
     -2  2.4786686152 4201745613 3073111569 370878617
     -3  4.9999375002 6041612413 2622612282 082222967
     -2  4.9937526036 2419975563 3655243780 648405856
     -1  4.4005058574 4933515959 6822037189 149131274
     -2  4.3472746168 8614366697 4876802585 928830627
     -2 -7.7145352014 1121580326 8549492723 447021161
     -3  4.7283119070 8952391757 6071901216 916285418
    -17  2.1701311384 0496728169 3651142150 815094613
    -11  2.1693639603 7600238063 5265343042 715360913
     -5  2.0938338002 3892699656 0701453800 780000026
     -2 -1.4458842084 7851053177 4561260148 174874671
     -2 -3.3525383144 1766742728 5301848429 116213846
     -2 -2.4698010934 2024399653 5541028052 587615959
   -274  2.3685983851 7441006877 9331157930 426751244
   -201  2.3685191664 6761106989 6185607645 793014427
   -128  2.3606104831 9718757702 9325106563 488361132
    -55  1.6882549780 7489050929 6827170625 271452023
     -2  9.6338173420 5036143761 5884024435 958149431
     -3  7.1736423526 6012024786 7318411619 579007593
   -671  1.3009244067 3808212844 5548553616 298220657
   -507  1.3009048930 1743487288 7808473358 528762111
   -343  1.2989549894 8331959674 8137632393 071785666
   -179  1.1179435292 7916543308 5063648308 631625217
    -22  1.5475552535 5320739136 3466511764 830851880
     -2  1.1522597512 5390147811 2859948236 454927804
  -3818  1.9449982621 7044605474 8125826967 690995132
  -3018  1.9449922523 5362810181 1176793079 875375991
  -2218  1.9443913643 2201086173 1787302600 779281025
  -1418  1.8852294189 9992013304 4032342021 032255068
   -620  8.5269170095 3604701577 6970746427 276966500
     -2 -2.9872233755 6625895550 6328177917 819328443

 TEST OF MPERF, MPERFC AND MPDAW

      0 -1.0000000000 0000000000 0000000000 000000000
      0  2.0000000000 0000000000 0000000000 000000000
     -3 -5.0002500375 0937828272 7375137642 333908163
      0 -1.0000000000 0000000000 0000000000 000000000
      0  2.0000000000 0000000000 0000000000 000000000
     -2 -5.0253847187 5985280327 4841986071 548588791
     -1 -8.4270079294 9714869341 2206350826 092592961
      0  1.8427007929 4971486934 1220635082 609259296
     -1 -5.3807950691 2768419136 3874204075 567547920
     -1 -1.1246291601 8284892203 2750717439 683832217
      0  1.1124629160 1828489220 3275071743 968383222
     -2 -9.9335992397 8528611497 8869519231 223541097
     -1  1.1246291601 8284892203 2750717439 683832217
     -1  8.8753708398 1715107796 7249282560 316167783
     -2  9.9335992397 8528611497 8869519231 223541097
     -1  8.4270079294 9714869341 2206350826 092592961
     -1  1.5729920705 0285130658 7793649173 907407039
     -1  5.3807950691 2768419136 3874204075 567547920
      0  1.0000000000 0000000000 0000000000 000000000
    -45  2.0884875837 6254475700 0786294957 788611561
     -2  5.0253847187 5985280327 4841986071 548588791
      0  1.0000000000 0000000000 0000000000 000000000
  -4346  6.4059614249 2173203902 1339148586 394148214
     -3  5.0002500375 0937828272 7375137642 333908163

 TEST OF MPGAM

    -38  3.9935994897 2441414091 9056205879 117156950
      0  4.1135267188 7363330061 5263770795 138677801
      3  9.9994228832 3162419080 5737422564 434215028
      2  3.4470192403 5219895391 8716891440 225225102
     17  1.2164510040 8832000000 0000000000 000000000
   2564  4.0238726007 7093773543 7024339230 039857191
   2566  1.2723011956 9505546418 2244180377 444569507

 TEST OF MPSIN, COS, TAN, SINH, COSH, TANH

     -1  5.0636564110 9758793656 5576104597 854320650
     -1  8.6231887228 7683934101 9385139508 425355101
     -1  5.8721391515 6929076677 8096356445 878942588
     43 -1.3440585709 0806772420 6312775790 006793681
     43  1.3440585709 0806772420 6312775790 006793681
      0 -1.0000000000 0000000000 0000000000 000000000
     -1  5.4402111088 9369813404 7476618513 772816836
     -1 -8.3907152907 6452452258 8639478240 648345199
     -1 -6.4836082745 9086671259 1249330098 086768169
      4 -1.1013232874 7033933772 3652455484 636440290
      4  1.1013232920 1033231397 2137609043 787996345
     -1 -9.9999999587 7692763619 5928371382 757410508
     -1 -8.4147098480 7896506652 5023216302 989996226
     -1  5.4030230586 8139717400 9366074429 766037323
      0 -1.5574077246 5490223050 6974807458 360173087
      0 -1.1752011936 4380145688 2381850595 600815156
      0  1.5430806348 1524377847 7905620757 061682602
     -1 -7.6159415595 5764888119 4582826047 935904128
     -2 -9.9833416646 8281523068 1419841062 202698992
     -1  9.9500416527 8025766095 5619878038 702948386
     -1 -1.0033467208 5450545058 0800457811 115368190
     -1 -1.0016675001 9844025823 7293835219 050235149
      0  1.0050041680 5580359898 7978442968 341644710
     -2 -9.9667994624 9558171183 0508367835 218353896
     -2  9.9833416646 8281523068 1419841062 202698992
     -1  9.9500416527 8025766095 5619878038 702948386
     -1  1.0033467208 5450545058 0800457811 115368190
     -1  1.0016675001 9844025823 7293835219 050235149
      0  1.0050041680 5580359898 7978442968 341644710
     -2  9.9667994624 9558171183 0508367835 218353896
     -1  8.4147098480 7896506652 5023216302 989996226
     -1  5.4030230586 8139717400 9366074429 766037323
      0  1.5574077246 5490223050 6974807458 360173087
      0  1.1752011936 4380145688 2381850595 600815156
      0  1.5430806348 1524377847 7905620757 061682602
     -1  7.6159415595 5764888119 4582826047 935904128
     -1 -5.4402111088 9369813404 7476618513 772816836
     -1 -8.3907152907 6452452258 8639478240 648345199
     -1  6.4836082745 9086671259 1249330098 086768169
      4  1.1013232874 7033933772 3652455484 636440290
      4  1.1013232920 1033231397 2137609043 787996345
     -1  9.9999999587 7692763619 5928371382 757410508
     -1 -5.0636564110 9758793656 5576104597 854320650
     -1  8.6231887228 7683934101 9385139508 425355101
     -1 -5.8721391515 6929076677 8096356445 878942588
     43  1.3440585709 0806772420 6312775790 006793681
     43  1.3440585709 0806772420 6312775790 006793681
      0  1.0000000000 0000000000 0000000000 000000000

 TEST OF MPLI AND MPEI

     -6 -9.8751540620 1326563229 6229866117 770420857
      0 -8.6330247045 7459431886 8214839534 681194494
      0 -8.6332247045 7470542997 9359283979 131307872
      0 -8.6331747074 9133043168 0769008811 191229210
      0  1.8948459881 7263778131 7187616717 034389351
     -1 -2.1942072601 8738420352 0116707114 601577789
      0 -8.6330747074 9130265390 2916231033 088668744
      0  1.8953896445 3923568431 1156778727 698692279
     -1 -2.1934715012 9890999481 7548014468 423170294
     -5  8.2586924267 5883918192 2758871133 560282179
      0  3.1572230549 1259066109 7259584500 948433011
     -1 -1.0755122583 8435580066 9495127853 382606748
      0  6.1655995047 8729793752 2981752669 522749131
      3  2.4922289762 4187775913 8440143998 524848990
     -6 -4.1569689296 8532427740 2859810278 180384346
      1  3.0126141584 0796299259 0174133903 218497960
     41  2.7155527448 5387982191 4014642310 825410296
    -46 -3.6835977616 8203218023 5192620508 118987655
      2  1.7760965799 0152226687 6406239486 993179786
    431  1.9720451371 4123830280 9645048412 023552690
   -438 -5.0708930602 3516654992 7200999685 925144667
      3  1.2461372158 9938845969 2771107529 059792487
   4338  8.8076990836 7471444897 0900245119 101084640
  -4347 -1.1353703396 3107175183 3431428951 800778261

 TEST OF MPZETA

      0  1.2020569031 5959428539 9738161511 449990765
      0  1.0823232337 1113819151 6003696541 167902775
      0  1.0369277551 4336992633 1365486457 034168057
      0  1.0009945751 2781808533 7145958900 319017006
      0  1.0000009539 6203387279 6113152038 683449346
      0  1.0000000000 0090949478 4026388928 253311839

 TEST OF VARIOUS MP ROUTINES

      1  2.2459157718 3610454734 2715220454 373502759
      1  3.0958913717 0115855910 0259628453 669451579
      0  3.1415926535 8979323846 2643383279 502884197
      1  3.100627660751343
      1  3.100627668029981798270000581396
      1  3.1006276680 299819759
     39  5.9154776185 8631224993 5148194956 040327282
  1             -10       8192      0      0      0      0      0      0      0
                             0      0      0
  1      -536870911          1      0      0      0      0      0      0      0
                             0      0      0
  1       536870911      16383  16383  16383  16383  16383  16383  16383  16383
                         16383  16383  16383
        ************* ********** ********** **********
      0  0.0000000000 0000000000 0000000000 000000000
 *** OVERFLOW OCCURRED IN MPDIV ***
 *** CALL TO MPOVFL, MP OVERFLOW OCCURRED ***
 *** EXECUTION TERMINATED BY CALL TO MPERR IN MP VERSION 780802 ***
