1TEST OF MP PACKAGE,   BASE =    16384,  DIGITS = 11



         1.4142135623 7309504880 1688724209 6980785697
         1.7320508075 6887729352 7446341505 8723669428
         2.2360679774 9978969640 9173668731 2762354406
         3.1622776601 6837933199 8893544432 7185337196
         1.2599210498 9487316476 7210607278 2283505703
         1.4422495703 0740838232 1638310780 1095883919
         1.1892071150 0272106671 7499970560 4759152930
         0.6931471805 5994530941 7232121458 1765680755
         1.0986122886 6810969139 5245236922 5257046475
         2.3025850929 9404568401 7991454684 3642076011
         1.4426950408 8896340735 9924681001 8921374266
         0.4342944819 0325182765 1128918916 6050822944
         3.1415926535 8979323846 2643383279 5028841972
         0.0174532925 1994329576 9236907684 8861271344
         0.3183098861 8379067153 7767526745 0287240689
         9.8696044010 8935861883 4490999876 1511353137
         1.7724538509 0551602729 8167483341 1451827975
         2.6789385347 0774763365 5692940974 6776441287
         1.3541179394 2640041694 5288028154 5137855193
         2.7182818284 5904523536 0287471352 6624977572
         0.3678794411 7144232159 5523770161 4608674458
         7.3890560989 3065022723 0427460575 0078131803
         0.5772156649 0153286060 6512090082 4024310422
         1.1447298858 4940017414 3427351353 0587116473
         1.6180339887 4989484820 4586834365 6381177203
         1.7810724179 9019798523 6504103107 1795491696
         2.1932800507 3801545655 9769659278 7382234616
         0.8414709848 0789650665 2502321630 2989996226
         0.5403023058 6813971740 0936607442 9766037323
         1.2020569031 5959428539 9738161511 4499907650
         0.4812118250 5960344749 7758913424 3684231352
         2.0780869212 3502753760 1322606117 7957677422
         0.3665129205 8166432701 2439158232 6694694543
