1TESTV OF MP PACKAGE,   BASE =    16384,  DIGITS = 13



         1.4142135623 7309504880 1688724209 6980785696 7187537695

         1.7320508075 6887729352 7446341505 8723669428 0525381038

         2.2360679774 9978969640 9173668731 2762354406 1835961153

         3.1622776601 6837933199 8893544432 7185337195 5513932522

         1.2599210498 9487316476 7210607278 2283505702 5146470151

         1.4422495703 0740838232 1638310780 1095883918 6925349935

         1.1892071150 0272106671 7499970560 4759152929 7209246382

         0.6931471805 5994530941 7232121458 1765680755 0013436026

         1.0986122886 6810969139 5245236922 5257046474 9055782275

         2.3025850929 9404568401 7991454684 3642076011 0148862877

         1.4426950408 8896340735 9924681001 8921374266 4595415299

         0.4342944819 0325182765 1128918916 6050822943 9700580367

         3.1415926535 8979323846 2643383279 5028841971 6939937511

         0.0174532925 1994329576 9236907684 8861271344 2871888542

         0.3183098861 8379067153 7767526745 0287240689 1929148091

         9.8696044010 8935861883 4490999876 1511353136 9940724080

         1.7724538509 0551602729 8167483341 1451827975 4945612239

         2.6789385347 0774763365 5692940974 6776441286 8937795730

         1.3541179394 2640041694 5288028154 5137855193 2726605679

         2.7182818284 5904523536 0287471352 6624977572 4709369996

         0.3678794411 7144232159 5523770161 4608674458 1113103177

         7.3890560989 3065022723 0427460575 0078131803 1557055184

         0.5772156649 0153286060 6512090082 4024310421 5933593992

         1.1447298858 4940017414 3427351353 0587116472 9481291531

         1.6180339887 4989484820 4586834365 6381177203 0917980576

         1.7810724179 9019798523 6504103107 1795491696 4521430343

         2.1932800507 3801545655 9769659278 7382234616 3764199427

         0.8414709848 0789650665 2502321630 2989996225 6306079837

         0.5403023058 6813971740 0936607442 9766037323 1042061792

         1.2020569031 5959428539 9738161511 4499907649 8629234048

         0.4812118250 5960344749 7758913424 3684231351 8433438566

         2.0780869212 3502753760 1322606117 7957677421 9226778327

         0.3665129205 8166432701 2439158232 6694694542 6344783711



 END OF TEST USING   50 DECIMAL PLACES, TIME USED WAS    0.1600 SECONDS



1TESTV OF MP PACKAGE,   BASE =    16384,  DIGITS = 25



         1.4142135623 7309504880 1688724209 6980785696 7187537694
           8073176679 7379907324 7846210703 8850387534 3276415727
         1.7320508075 6887729352 7446341505 8723669428 0525381038
           0628055806 9794519330 1690880003 7081146186 7572485757
         2.2360679774 9978969640 9173668731 2762354406 1835961152
           5724270897 2454105209 2563780489 9414414408 3787822750
         3.1622776601 6837933199 8893544432 7185337195 5513932521
           6826857504 8527925944 3863923822 1344248108 3793002952
         1.2599210498 9487316476 7210607278 2283505702 5146470150
           7980081975 1121552996 7651395948 3729396562 4362550942
         1.4422495703 0740838232 1638310780 1095883918 6925349935
           0577546416 1945416875 9682999733 9854755479 7056452567
         1.1892071150 0272106671 7499970560 4759152929 7209246381
           7413019002 2247194666 6822691715 9870781344 5381376737
         0.6931471805 5994530941 7232121458 1765680755 0013436025
           5254120680 0094933936 2196969471 5605863326 9964186875
         1.0986122886 6810969139 5245236922 5257046474 9055782274
           9451734694 3336374942 9321860896 6873615754 8137320888
         2.3025850929 9404568401 7991454684 3642076011 0148862877
           2976033327 9009675726 0967735248 0235997205 0895982983
         1.4426950408 8896340735 9924681001 8921374266 4595415298
           5934135449 4069311092 1918118507 9885526622 8935063445
         0.4342944819 0325182765 1128918916 6050822943 9700580366
           6566114453 7831658646 4920887077 4729224949 3384317483
         3.1415926535 8979323846 2643383279 5028841971 6939937510
           5820974944 5923078164 0628620899 8628034825 3421170680
         0.0174532925 1994329576 9236907684 8861271344 2871888541
           7254560971 9144017100 9114603449 4436822415 6963450948
         0.3183098861 8379067153 7767526745 0287240689 1929148091
           2897495334 6881177935 9526845307 0180227605 5325061719
         9.8696044010 8935861883 4490999876 1511353136 9940724079
           0626413349 3762200448 2241920524 3001773403 7185522318
         1.7724538509 0551602729 8167483341 1451827975 4945612238
           7128213807 7898529112 8459103218 1374950656 7385446654
         2.6789385347 0774763365 5692940974 6776441286 8937795730
           1100950428 3275904176 1016774381 9540982889 0411887894
         1.3541179394 2640041694 5288028154 5137855193 2726605679
           3698394022 4679637829 6540174254 1675834147 9529729111
         2.7182818284 5904523536 0287471352 6624977572 4709369995
           9574966967 6277240766 3035354759 4571382178 5251664274
         0.3678794411 7144232159 5523770161 4608674458 1113103176
           7834507836 8016974614 9574489980 3357147274 3459196437
         7.3890560989 3065022723 0427460575 0078131803 1557055184
           7324087127 8225225737 9607905776 3384312485 0791217948
         0.5772156649 0153286060 6512090082 4024310421 5933593992
           3598805767 2348848677 2677766467 0936947063 2917467495
         1.1447298858 4940017414 3427351353 0587116472 9481291531
           1571513623 0714721377 6988482607 9783623270 2754897077
         1.6180339887 4989484820 4586834365 6381177203 0917980576
           2862135448 6227052604 6281890244 9707207204 1893911375
         1.7810724179 9019798523 6504103107 1795491696 4521430343
           0205357665 8765128410 7681358829 3707574216 4884182803
         2.1932800507 3801545655 9769659278 7382234616 3764199427
           2334858015 9186570268 6418923693 4126522812 5781694047
         0.8414709848 0789650665 2502321630 2989996225 6306079837
           1065672751 7099919104 0439123966 8948639743 5430526959
         0.5403023058 6813971740 0936607442 9766037323 1042061792
           2227670097 2553811003 9477447176 4517951856 0871830893
         1.2020569031 5959428539 9738161511 4499907649 8629234049
           8881792271 5553418382 0578631309 0186455873 6093352582
         0.4812118250 5960344749 7758913424 3684231351 8433438566
           0519661018 1688401638 6760822177 4412009429 1227234750
         2.0780869212 3502753760 1322606117 7957677421 9226778328
           3480278139 9219197438 6928553540 9014456154 1445360482
         0.3665129205 8166432701 2439158232 6694694542 6344783710
           5263053677 7136705616 1531935273 8549455822 8566989084


 END OF TEST USING  100 DECIMAL PLACES, TIME USED WAS    0.4100 SECONDS



